20, ./OUTPUT/pa3-H-Output.txt
36.253927 -7.326285 -17.712099 34.202708 -5.656065 -16.992903 2.741237
8.364225 -17.948769 -17.084583 7.310409 -15.822499 -16.409612 2.467213
2.189755 17.833481 5.377968 1.179869 18.438066 4.578288 1.422982
40.284718 1.022026 3.847163 39.116775 1.577343 3.875172 1.293543
15.735916 22.167039 39.477709 15.556700 21.722192 39.359631 0.493913
9.459245 -15.400417 -20.633984 8.426424 -13.565811 -19.180310 2.558449
39.690187 6.087286 -6.693791 39.734749 6.096170 -6.705053 0.046814
-37.995519 -8.686216 -38.922686 -39.721134 -8.638100 -39.378885 1.785548
28.633350 17.936159 -22.786245 28.698493 17.988331 -22.846495 0.102935
-7.578105 1.129923 -36.189223 -6.480885 2.073097 -36.788236 1.565978
-0.619359 -0.597982 62.816587 -0.605237 -0.600320 63.398190 0.581779
22.083435 12.874782 54.959111 20.947937 12.480930 54.898125 1.203409
-4.453534 15.171732 9.923219 -4.932734 15.751342 9.433604 0.897386
-29.411555 -11.632393 -47.034118 -29.517390 -11.673416 -47.412520 0.395060
19.418426 18.286237 51.461171 18.416990 17.239688 51.327217 1.454677
-25.964951 0.824633 -41.810064 -26.616387 2.557977 -43.669590 2.624249
-10.646161 -14.872364 -46.624084 -10.816439 -14.748874 -46.343185 0.350926
-4.026686 3.998882 61.811384 -4.242397 3.834047 63.224822 1.439274
-41.042934 -14.034462 -14.216477 -40.205293 -13.886643 -14.792577 1.027319
17.157008 -20.039154 -10.153311 17.400975 -17.714951 -9.674154 2.385588
