15, ./OUTPUT/pa3-F-Output.txt
-6.169660 6.773697 -6.619548 -6.735592 8.393927 -6.745750 1.720858
33.733521 13.622742 6.419608 35.061676 14.839367 7.050448 1.908438
-9.218588 0.129841 -41.574576 -8.969031 0.276977 -41.863514 0.409161
-39.542922 -13.187663 -15.555267 -40.414019 -13.341386 -14.956156 1.068351
-8.549379 -6.892520 25.018873 -6.892978 -5.517443 24.113205 2.335537
-11.314290 -16.423333 -47.952318 -12.107975 -15.847735 -46.643017 1.635701
6.120820 -7.715159 46.631503 6.048382 -6.985473 46.661655 0.733892
24.400310 -7.602419 15.508198 24.013503 -5.879833 15.196571 1.792772
5.431306 19.587272 43.111109 5.301452 20.462607 43.249086 0.895607
18.196772 6.550433 -26.792116 18.856438 6.922610 -26.267095 0.921586
-8.063840 3.749113 41.100589 -6.836609 3.941321 41.045125 1.243430
18.586851 12.412511 51.023121 21.083344 13.366240 51.386629 2.697075
26.997414 -4.369233 18.881985 26.628572 -3.657421 18.665329 0.830457
1.858382 -13.641472 -28.846565 0.945000 -13.495587 -28.446458 1.007787
-12.227661 5.445712 6.265880 -12.161171 5.397847 6.257950 0.082310
