15, ./OUTPUT/pa3-E-Output.txt
15.588497 1.113431 60.858677 15.639536 1.115547 62.971893 2.113834
12.407930 21.845927 -23.916612 12.780057 21.525452 -23.769157 0.512762
-38.720598 -22.204191 -14.313938 -37.234328 -21.438908 -15.152444 1.870227
15.818201 14.583776 48.358802 18.553442 17.442235 48.724675 3.973184
-40.448165 -12.782397 -13.074553 -39.623292 -12.662020 -13.643174 1.009077
26.775030 -10.876040 -0.576283 26.745419 -10.607039 -0.696170 0.295992
10.644009 -14.969009 3.365361 10.610353 -13.817086 2.919702 1.235585
-45.638702 -6.219109 -30.849907 -43.075558 -6.237316 -30.057121 2.683011
2.574296 -17.570856 -22.251898 2.474082 -17.509618 -22.211304 0.124261
1.595267 19.065916 -0.249124 3.205096 17.979517 0.405693 2.049537
8.504471 23.337467 13.380798 8.236493 25.165104 13.662951 1.868604
9.931490 17.973881 -26.294748 11.311478 18.537537 -25.988297 1.521837
15.715789 -2.972396 56.436476 16.573550 -3.799582 56.512096 1.194031
18.478842 23.211632 -9.087114 18.493838 26.072045 -9.549759 2.897624
-37.011564 3.702279 -20.942350 -37.236149 3.944127 -20.836303 0.346662
