20, ./OUTPUT/pa3-G-Output.txt
-34.017587 -23.936639 -13.617855 -33.899331 -23.798458 -13.719733 0.208464
11.417452 21.551399 -18.267305 12.345389 21.251074 -18.230564 0.976019
18.089286 1.800426 -28.628055 20.942641 3.273373 -27.190174 3.518339
15.701766 13.110972 47.581001 19.802187 15.985933 47.991593 5.024683
-37.689125 -12.326846 -11.411146 -37.888630 -12.402943 -11.210471 0.293025
3.597521 16.695297 -6.858587 4.871628 15.109665 -5.394213 2.506386
-9.312007 -4.573357 48.815512 -5.062307 -2.140436 48.935273 4.898305
11.291025 -7.890543 51.203110 10.947925 -6.492542 51.293140 1.442301
32.803814 -6.214822 -17.395438 33.326256 -6.588199 -17.539886 0.658195
17.084289 18.787057 -30.337432 17.194330 18.814044 -30.611707 0.296756
35.257309 -2.792238 -13.987684 35.885337 -3.058921 -13.947588 0.683481
-3.862387 -17.853532 -39.090186 -3.802741 -17.890486 -39.153569 0.094555
-38.461739 -4.446441 -45.512104 -36.049203 -5.413184 -42.773993 3.775204
-29.131579 10.027884 -32.139493 -28.948283 9.429536 -31.884028 0.675929
6.971647 -10.319832 16.477945 6.716253 -9.425790 16.252341 0.956783
29.007852 16.505041 -18.026694 31.206501 17.726926 -18.863071 2.650770
14.752458 -19.237353 -13.902837 15.591524 -16.381336 -12.804134 3.173014
18.599162 21.274205 10.045841 19.583953 24.592293 10.798806 3.542101
-14.805410 3.901164 13.509270 -12.223508 4.098842 13.140087 2.615644
16.822826 -8.430881 -26.075406 18.425684 -7.983624 -23.320192 3.218757
