20, ./OUTPUT/pa3-J-Output.txt
1.283115 -0.111278 -25.495807 0.763222 -0.156101 -24.673258 0.974108
22.605949 -8.384632 18.981064 21.759066 -5.789132 18.697593 2.744847
29.210758 1.575259 25.923409 27.525146 2.210117 25.313014 1.901819
38.977397 -5.390681 -14.710353 35.571841 -3.944560 -14.927776 3.706258
15.061779 -19.118636 -2.434948 14.896120 -16.579743 -3.272292 2.678538
18.689761 9.210768 62.281101 18.745622 9.189668 63.058138 0.779328
15.235760 -11.998581 10.470418 14.549578 -9.822043 9.741246 2.395800
-22.075473 -23.790026 -47.656912 -21.389101 -22.365535 -45.800121 2.438842
27.560530 1.310136 -30.210959 27.616538 1.395217 -30.026639 0.210593
8.796897 -9.847405 28.889573 8.338813 -6.979878 28.686079 2.911007
1.701815 16.879408 5.338993 0.815449 17.932330 4.555832 1.583550
24.770580 -4.262751 32.792535 22.787380 -2.305170 32.245353 2.839826
31.990488 -10.204491 3.873078 30.655190 -8.042431 3.700588 2.547013
-25.954725 -16.471567 -48.807413 -25.672272 -16.345724 -47.739782 1.111508
29.959362 -3.855905 19.069169 28.473944 -2.437176 18.159470 2.246511
-9.753935 -18.940224 -48.226995 -10.832441 -19.023083 -45.234861 3.181652
-33.135262 -26.528601 -38.755430 -32.564408 -25.769106 -38.178771 1.111415
3.044205 20.592828 10.360269 1.765210 22.512394 9.876832 2.356751
-6.138836 -32.648193 -25.052578 -8.846594 -29.103289 -25.701159 4.507656
-6.711128 1.223909 27.436330 -7.989312 1.032207 27.706206 1.320355
