15, ./OUTPUT/pa3-D-Output.txt
6.177147 20.991616 51.987135 6.459981 20.203035 51.905601 0.841727
16.408223 -1.824357 44.732559 18.110425 -3.725684 45.271568 2.608269
-8.811330 -1.908303 62.120170 -5.653829 -1.465300 62.044338 3.189328
-11.577309 8.686546 58.838342 -6.959951 7.710170 58.869759 4.719564
8.537583 -4.631503 -22.513888 8.502677 -4.638942 -22.404574 0.114992
17.311301 -4.204512 32.746904 17.703931 -5.168855 32.916737 1.054968
12.923183 21.785327 28.530258 12.922674 22.837284 28.740308 1.072724
13.310696 -13.687475 3.591613 13.265079 -13.472137 3.433153 0.271221
-29.251076 -31.369541 -36.297986 -28.682970 -29.604410 -35.252064 2.128940
1.660797 -18.566947 -22.878026 1.593882 -18.526058 -22.850921 0.082971
-5.598174 18.311895 43.987362 -5.129288 17.469801 43.664631 1.016431
-6.307472 10.644065 -0.379266 -5.878674 10.038472 -0.293494 0.746972
-28.741042 -14.530357 -8.360257 -29.003572 -15.224740 -6.859301 1.674502
-21.463628 -1.506328 -7.991641 -21.742423 -1.230651 -7.683821 0.498475
15.537772 -11.304457 -20.781116 15.498932 -10.509258 -20.029855 1.094642
