15, ./OUTPUT/pa3-A-Output.txt
7.034398 14.581728 63.161159 7.034441 14.581773 63.159714 0.001447
-7.005148 6.328645 41.531202 -7.010062 6.328380 41.531901 0.004970
-11.502577 -16.333511 -46.060798 -11.501927 -16.333983 -46.061871 0.001340
-20.884382 10.655563 -35.292711 -20.884356 10.656261 -35.293234 0.000873
26.172652 6.271543 31.058343 26.172107 6.271501 31.058198 0.000565
-9.277789 8.207045 -15.996891 -9.277298 8.200671 -15.997299 0.006406
-7.287229 5.530739 35.948090 -7.291798 5.529080 35.948583 0.004885
-21.741815 -10.787367 -48.896545 -21.743001 -10.786297 -48.899194 0.003094
18.895466 -16.772393 -13.386986 18.894287 -16.779820 -13.389752 0.008012
-0.149698 8.297339 -15.852114 -0.150487 8.291689 -15.850637 0.005893
-31.894197 -28.485243 -34.007071 -31.896925 -28.489861 -34.009005 0.005701
17.403179 1.488437 -22.521467 17.403050 1.488440 -22.521634 0.000211
-14.119433 -18.442341 -7.000742 -14.119040 -18.443196 -6.999716 0.001392
-4.895008 -2.349183 55.188156 -4.897271 -2.350747 55.188019 0.002754
-44.074678 -7.515240 -24.319881 -44.076038 -7.514951 -24.319450 0.001456
