15, ./OUTPUT/pa3-B-Output.txt
-37.648337 -9.485814 -12.766829 -38.821303 -9.641659 -11.907023 1.462670
-18.605101 -9.656764 -4.295053 -19.117049 -9.696310 -2.940452 1.448654
-2.140089 -7.918868 52.448775 -1.186956 -5.726722 52.650612 2.398897
17.872415 -12.577821 1.669190 17.861723 -12.560907 1.662207 0.021193
-13.954413 21.502826 25.296937 -14.604009 22.221274 25.278913 0.968745
28.964265 19.055033 -13.739580 30.806862 20.118124 -13.972376 2.139981
24.261474 22.122673 -1.997816 25.458408 24.264497 -2.071890 2.454700
-27.754579 -23.800522 -48.367443 -27.051159 -21.419434 -45.704117 3.641111
-28.464035 7.902531 -35.892383 -28.550127 8.081515 -36.000524 0.226145
-12.655849 9.565991 12.900587 -11.203308 8.785568 13.303871 1.697520
-27.118077 -28.655768 -14.355668 -27.080074 -28.507982 -14.416328 0.164209
37.255034 5.257799 4.711650 39.648197 4.993943 4.852048 2.411755
20.176291 -14.872439 -4.870989 20.578312 -15.330473 -4.368458 0.789907
-4.258223 12.838781 54.080749 -4.787258 13.085053 54.153337 0.588045
32.083282 15.854117 -2.094645 33.306182 16.956281 -2.280733 1.656767
