15, ./OUTPUT/pa3-C-Output.txt
-19.431952 -30.671709 -20.323967 -19.241143 -31.889568 -20.188656 1.240120
-28.239464 -17.073435 -9.534195 -28.492823 -16.892435 -7.389138 2.167538
8.574255 -10.057022 -23.940668 8.146669 -9.302935 -22.808096 1.426253
37.658026 10.109188 -2.832802 38.595113 10.638806 -2.977269 1.086046
9.242359 23.949342 -6.166545 9.629854 23.551793 -5.921956 0.606647
34.388770 2.482364 -22.772918 34.094921 2.493404 -22.568184 0.358309
-42.058779 -0.021936 -26.323105 -41.549370 -0.376152 -26.304039 0.620749
-25.471851 -15.852110 -50.297069 -24.874799 -15.586101 -48.040300 2.349519
-2.087295 -20.907286 -32.996527 -1.792641 -21.014650 -33.130188 0.340901
-15.145798 2.451822 1.832211 -14.921907 2.314383 1.763577 0.271528
13.519317 -8.103067 13.670240 13.585018 -8.490321 13.775448 0.406634
-4.106465 -2.488308 -36.034863 -3.837613 -2.396485 -36.027402 0.284197
-10.215248 9.137990 -26.015100 -10.426434 8.823923 -25.958092 0.382736
25.453035 -4.247633 16.805332 25.716715 -4.743490 17.008232 0.597135
-7.782332 8.317987 -17.003493 -7.783128 8.343608 -17.002076 0.025672
